0 0.442931 0.626196 0.71714 0.74552
0 0.442931 0.626196 0.71714 0.74552
0 0.442931 0.626196 0.71714 0.74552
0 0.442931 0.626196 0.71714 0.74552
0 0.442931 0.626196 0.71714 0.74552
0 0.442931 0.626196 0.71714 0.74552
0 0.442931 0.626196 0.71714 0.74552
0 0.442931 0.626196 0.71714 0.74552
0 0.442931 0.626196 0.71714 0.74552
0 0.442931 0.626196 0.71714 0.74552
0 0.442931 0.626196 0.71714 0.74552
0 0.442931 0.626196 0.71714 0.74552
0 0.442931 0.626196 0.71714 0.74552
0 0.442931 0.626196 0.71714 0.74552
0 0.442931 0.626196 0.71714 0.74552
0 0.442931 0.626196 0.71714 0.74552
0 0.442931 0.626196 0.71714 0.74552
0 0.442931 0.626196 0.71714 0.74552
0 0.442931 0.626196 0.71714 0.74552
0 0.442931 0.626196 0.71714 0.74552
0 0.442931 0.626196 0.71714 0.74552
0 0.442931 0.626196 0.71714 0.74552
0 0.442931 0.626196 0.71714 0.74552
0 0.442931 0.626196 0.71714 0.74552
0 0.442931 0.626196 0.71714 0.74552
0 0.442931 0.626196 0.71714 0.74552
0 0.442931 0.626196 0.71714 0.74552
0 0.442931 0.626196 0.71714 0.74552
0 0.442931 0.626196 0.71714 0.74552
0 0.442931 0.626196 0.71714 0.74552
0 0.442931 0.626196 0.71714 0.74552
0 0.442931 0.626196 0.71714 0.74552
0 0.442931 0.626196 0.71714 0.74552
0 0.442931 0.626196 0.71714 0.74552
0 0.442931 0.626196 0.71714 0.74552
0 0.442931 0.626196 0.71714 0.74552
0 0.442931 0.626196 0.71714 0.74552
0 0.442931 0.626196 0.71714 0.74552
0 0.442931 0.626196 0.71714 0.74552
0 0.442931 0.626196 0.71714 0.74552
0 0.442931 0.626196 0.71714 0.74552
0 0.442931 0.626196 0.71714 0.74552
0 0.442931 0.626196 0.71714 0.74552
0 0.442931 0.626196 0.71714 0.74552
0 0.442931 0.626196 0.71714 0.74552
0 0.442931 0.626196 0.71714 0.74552
0 0.442931 0.626196 0.71714 0.74552
0 0.442931 0.626196 0.71714 0.74552
0 0.442931 0.626196 0.71714 0.74552
0 0.442931 0.626196 0.71714 0.74552
0 0.442931 0.626196 0.71714 0.74552
0 0.442931 0.626196 0.71714 0.74552
0 0.442931 0.626196 0.71714 0.74552
0 0.442931 0.626196 0.71714 0.74552
0 0.442931 0.626196 0.71714 0.74552
0 0.442931 0.626196 0.71714 0.74552
0 0.442931 0.626196 0.71714 0.74552
0 0.442931 0.626196 0.71714 0.74552
0 0.442931 0.626196 0.71714 0.74552
0 0.442931 0.626196 0.71714 0.74552
0 0.442931 0.626196 0.71714 0.74552
0 0.442931 0.626196 0.71714 0.74552
0 0.442931 0.626196 0.71714 0.74552
0 0.442931 0.626196 0.71714 0.74552
0 0.442931 0.626196 0.71714 0.74552
0 0.442931 0.626196 0.71714 0.74552
0 0.442931 0.626196 0.71714 0.74552
